%YAML:1.0
f338: !!opencv-matrix
   rows: 61
   cols: 64
   dt: f
   data: [ -3.33664450e-003, -2.60043918e-004, 1.15456302e-002,
       6.04476547e-003, -3.42363515e-003, -5.14835294e-004,
       1.05065536e-002, 1.45140439e-002, 2.17765253e-002,
       -3.97253223e-002, 2.45320909e-002, 4.22470756e-002,
       3.72298970e-003, -1.23194354e-002, 3.72726098e-003,
       1.23292115e-002, -2.95274109e-002, -7.32304947e-003,
       5.60389832e-002, 1.26142725e-002, 3.13901037e-001,
       1.37751400e-001, 3.20197225e-001, 1.39744699e-001,
       -9.65485498e-002, 1.05725385e-001, 3.16226006e-001,
       4.66828465e-001, -3.83598171e-002, 3.04064546e-002,
       5.61325289e-002, 3.45000662e-002, -3.80396694e-002,
       2.06112303e-002, 6.64647743e-002, 2.78276484e-002,
       1.94805577e-001, -1.60265893e-001, 2.21390277e-001,
       1.85157359e-001, -3.74503583e-002, -1.89209029e-001,
       3.56530160e-001, 2.53416479e-001, -2.18991656e-002,
       4.30357130e-003, 6.55418336e-002, 1.39175160e-002,
       6.11988129e-003, -5.19787241e-003, 9.04782861e-003,
       9.25338920e-003, -1.72988418e-002, 5.26657663e-002,
       2.54996512e-002, 7.74480030e-002, 1.85680669e-002,
       3.48631591e-002, 3.64613496e-002, 7.25957751e-002,
       -3.44431348e-004, -2.51786085e-003, 1.03930654e-002,
       3.95268621e-003, 3.84318701e-005, -3.28306603e-004,
       2.73361709e-003, 3.49158258e-003, 1.24133448e-003,
       -2.59130523e-002, 2.15557087e-002, 2.86354925e-002,
       1.19926333e-002, -2.54500601e-002, 1.20632667e-002,
       2.55150311e-002, 7.34879941e-005, -3.23918539e-005,
       7.34879941e-005, 3.23918539e-005, 3.40609741e-003,
       -4.72792331e-003, 1.42096505e-002, 6.62461892e-002,
       -6.61506429e-002, -9.08286944e-002, 1.34996861e-001,
       3.76372695e-001, 2.38932490e-001, -7.13492408e-002,
       2.38932490e-001, 1.52142093e-001, -1.76756410e-004,
       5.94030098e-005, 5.30841295e-004, 2.22333707e-004,
       4.53506783e-003, -2.99308337e-002, 1.78587176e-002,
       3.97524722e-002, -1.56368569e-001, 5.62915094e-002,
       5.09918094e-001, 2.54094422e-001, 3.86450261e-001,
       7.25186393e-002, 3.90834600e-001, 7.50219896e-002,
       2.27106448e-005, -3.05694179e-004, 2.27106448e-005,
       3.05694179e-004, -2.29043933e-003, -1.07403903e-003,
       2.58965930e-003, 1.75471429e-003, 7.59467389e-003,
       1.66014105e-003, 7.36329406e-002, 1.11718690e-002,
       3.88424844e-002, -9.19542043e-004, 3.92135791e-002,
       1.47759952e-002, 6.95592971e-005, -3.39835591e-004,
       1.05702311e-004, 3.71712202e-004, 1.30750041e-003,
       4.35783761e-003, 1.51577103e-003, 4.35783761e-003,
       4.48015109e-002, 3.12208645e-002, 5.73692210e-002,
       3.12208645e-002, 2.55302712e-002, 3.92174785e-004,
       2.55342592e-002, 8.10661633e-003, 6.57250857e-005,
       -4.74633343e-005, 6.60912192e-005, 1.42621473e-004,
       1.12424996e-002, 1.05716772e-002, 9.03574824e-002,
       1.73795335e-002, 1.21582925e-001, 9.22450870e-002,
       2.38017440e-001, 1.78034529e-001, -5.70029095e-002,
       8.13174248e-003, 1.94786087e-001, 5.82313299e-001,
       3.94276828e-002, -2.08630003e-002, 3.99122536e-002,
       3.13291848e-002, -3.10523133e-003, -1.70443102e-003,
       9.88865346e-002, 1.55501338e-002, 1.60623312e-001,
       -6.95731714e-002, 2.72275865e-001, 1.67040616e-001,
       -8.13608244e-002, -9.89170671e-002, 5.00729382e-001,
       2.25748464e-001, 4.46391292e-002, 1.52133582e-002,
       4.81602624e-002, 1.77919120e-002, 3.78729496e-003,
       -5.01366518e-003, 3.78729496e-003, 5.02015417e-003,
       4.65863524e-003, 4.28098179e-002, 3.27360481e-002,
       8.92049670e-002, 4.28306498e-003, 2.25421228e-002,
       4.56966832e-002, 8.26207772e-002, 1.26538030e-003,
       5.36380452e-004, 2.86700646e-003, 2.34455895e-003, 0., 0., 0., 0.,
       7.37948790e-002, 5.60660241e-003, 7.37948790e-002,
       5.60660241e-003, 2.69188575e-004, 6.78036013e-004,
       3.13301833e-004, 9.76653653e-004, 4.83049334e-005,
       1.89074097e-004, 5.10974787e-005, 2.45316653e-004,
       -5.59531654e-005, 4.23676218e-004, 1.93203552e-004,
       4.23676218e-004, 4.90535706e-001, 4.19640504e-002,
       4.90535706e-001, 4.19640504e-002, 4.78486484e-003,
       3.53738619e-003, 5.06559154e-003, 6.50424650e-003,
       3.28397320e-004, 9.10048111e-005, 3.28397320e-004,
       4.85965575e-004, -3.00652254e-003, 3.32251303e-002,
       4.51141745e-002, 4.22009081e-002, 2.19663993e-001,
       -4.24406640e-002, 2.63826847e-001, 2.79449105e-001,
       2.37122197e-002, -2.45417073e-001, 8.03945139e-002,
       4.67263311e-001, 1.81100406e-002, -2.25481354e-002,
       2.43701208e-002, 2.34906599e-002, -4.37977165e-003,
       2.50149431e-004, 1.20993974e-002, 1.34797313e-003,
       3.21978889e-002, -1.14929536e-003, 5.39367646e-002,
       2.80678719e-002, -1.34260776e-002, -2.22405214e-002,
       6.94296882e-002, 5.88138774e-002, 4.30251611e-003,
       1.59854873e-003, 5.86031983e-003, 1.92095072e-003, 0., 0., 0., 0.,
       7.09151104e-002, 9.63707455e-003, 7.09151104e-002,
       9.63707455e-003, -9.26653796e-004, 9.63158906e-003,
       1.33270142e-003, 1.12202009e-002, -1.19727803e-004,
       2.07565329e-003, 1.74641755e-004, 2.32173991e-003,
       1.75681216e-005, 2.90917349e-004, 4.06493127e-005,
       2.90917349e-004, 4.90559429e-001, 4.71034832e-002,
       4.90559429e-001, 4.72483113e-002, 3.23834084e-003,
       5.27709536e-003, 3.23834084e-003, 8.34423676e-003,
       1.19406823e-003, 6.20465900e-004, 1.19406823e-003,
       6.20465900e-004, 3.97694446e-002, 2.07549222e-002,
       3.97925265e-002, 2.07682271e-002, 2.09595233e-001,
       1.45487557e-003, 3.46862763e-001, 3.37165534e-001,
       6.79426268e-002, -2.07462490e-001, 1.47349730e-001,
       3.77390921e-001, 1.18487608e-002, -2.74054660e-003,
       1.19686946e-002, 4.07768181e-003, 9.39082541e-003,
       -6.62762090e-004, 9.39082541e-003, 1.13348104e-003,
       -1.05157681e-002, -1.48643842e-002, 6.68710470e-002,
       3.68334055e-002, 3.19553465e-002, -4.65885270e-003,
       3.96465771e-002, 2.53156964e-002, 1.79107708e-003,
       4.25507278e-005, 1.81779754e-003, 5.45199728e-004,
       -1.69324980e-003, -1.55319029e-003, 3.20510264e-003,
       4.30190237e-003, -6.12602895e-003, 1.46375573e-003,
       1.28984358e-002, 1.99398957e-002, 2.79974435e-002,
       8.72024745e-002, 3.26719806e-002, 8.72738957e-002,
       1.83808059e-003, 9.28284228e-003, 1.89310242e-003,
       9.28284228e-003, 2.30400283e-002, 3.91818769e-003,
       4.72847968e-002, 3.32215093e-002, -1.80190146e-001,
       2.47229543e-002, 4.48659927e-001, 2.72697836e-001,
       4.01328683e-001, -6.74782693e-002, 4.02968585e-001,
       6.95758089e-002, -1.45155558e-004, 5.99238439e-004,
       1.05157739e-003, 5.99238439e-004, 9.22293123e-003,
       2.46321615e-002, 1.89763233e-002, 7.76079595e-002,
       -6.30182177e-002, 1.47163421e-001, 1.79030746e-001,
       3.69939983e-001, 2.24439234e-001, 1.03218295e-001,
       2.24439234e-001, 1.52589262e-001, 1.39252137e-004,
       4.88368561e-004, 4.60656272e-004, 5.33649698e-004,
       -1.03506725e-003, 4.38357797e-003, 1.97366090e-003,
       4.39437618e-003, 6.56782743e-003, 1.01921409e-002,
       6.92370161e-003, 1.02936216e-002, 3.94746137e-004,
       5.73399302e-004, 7.64924102e-004, 7.67404330e-004,
       3.16711048e-005, -1.00958723e-005, 3.50843038e-005,
       3.39057151e-005, 2.73343525e-003, 2.57748325e-004,
       2.73343525e-003, 2.57748325e-004, -9.47006606e-003,
       1.33651197e-002, 7.00955540e-002, 3.60376984e-002,
       -1.62649446e-003, 2.51362417e-006, 1.17988558e-002,
       1.32261571e-002, 1.22643120e-004, -1.77663437e-003,
       1.97475217e-003, 2.83521134e-003, 1.23933414e-002,
       -1.07005639e-002, 1.23933414e-002, 1.21335397e-002,
       1.32764205e-001, -2.42926389e-001, 1.60367474e-001,
       2.68708199e-001, 7.99930319e-002, -3.20458710e-002,
