%YAML:1.0
f343: !!opencv-matrix
   rows: 67
   cols: 64
   dt: f
   data: [ -3.40762339e-003, -5.64120710e-004, 1.12525141e-002,
       6.34597754e-003, -2.38387287e-003, 1.31656916e-003,
       1.09726405e-002, 1.28366621e-002, 2.20404603e-002,
       -3.96944359e-002, 2.38401163e-002, 4.27845977e-002,
       3.62516008e-003, -1.23838829e-002, 3.62604670e-003,
       1.23939905e-002, -2.97430158e-002, -6.98904134e-003,
       5.62516190e-002, 1.20344097e-002, 3.19702804e-001,
       1.40108049e-001, 3.25242192e-001, 1.43489137e-001,
       -9.68129113e-002, 1.03821941e-001, 3.07058036e-001,
       4.59039956e-001, -4.05336991e-002, 3.14785354e-002,
       5.78173995e-002, 3.53537798e-002, -3.77452113e-002,
       2.02852562e-002, 6.63149878e-002, 2.67529916e-002,
       2.01456890e-001, -1.61759824e-001, 2.23078698e-001,
       1.86305314e-001, -4.30694483e-002, -1.91500992e-001,
       3.56313735e-001, 2.51654953e-001, -1.87486056e-002,
       4.61946102e-003, 6.75525591e-002, 1.39792664e-002,
       5.70868980e-003, -5.20129409e-003, 8.79210979e-003,
       9.31414124e-003, -1.71736758e-002, 5.04742637e-002,
       2.41684783e-002, 7.51744509e-002, 1.99465640e-002,
       3.55151743e-002, 3.75072248e-002, 7.25828856e-002,
       -7.73925974e-004, -2.85481918e-003, 1.07208798e-002,
       4.13302798e-003, -4.02966369e-004, -1.21776371e-004,
       2.84533622e-003, 3.27685406e-003, 1.90974551e-003,
       -2.47956030e-002, 2.99684610e-002, 2.74751522e-002,
       1.11912144e-002, -2.60508489e-002, 1.15896780e-002,
       2.60913931e-002, 4.38102979e-005, -2.75187649e-005,
       6.06645008e-005, 2.75187649e-005, 5.75605268e-003,
       -1.14497589e-002, 1.67008005e-002, 7.07553923e-002,
       -7.28177428e-002, -9.13446918e-002, 1.40775338e-001,
       3.74402821e-001, 2.37359598e-001, -6.82800040e-002,
       2.43399739e-001, 1.64128438e-001, -1.55076385e-004,
       4.31595690e-005, 6.89794542e-004, 4.78951377e-004,
       4.50863643e-003, -2.37901118e-002, 1.84950866e-002,
       3.35471258e-002, -1.57134309e-001, 5.24855144e-002,
       5.10854542e-001, 2.32891887e-001, 3.87779355e-001,
       7.80240819e-002, 3.91804874e-001, 7.95528516e-002,
       1.38612486e-005, 3.88264061e-006, 1.38612486e-005,
       3.88264061e-006, -1.72469951e-003, -9.56779229e-004,
       2.07702047e-003, 1.69784203e-003, 6.73000794e-003,
       2.51041842e-003, 7.39194006e-002, 1.28002036e-002,
       3.81645188e-002, 1.08385668e-003, 3.82209644e-002,
       1.39802657e-002, 6.36164696e-005, -1.40288641e-004,
       6.36164696e-005, 1.78552087e-004, 1.36703684e-003,
       4.50212369e-003, 1.57833158e-003, 4.50212369e-003,
       4.78792936e-002, 3.15081738e-002, 5.98625802e-002,
       3.15448120e-002, 2.37056259e-002, 7.03499318e-005,
       2.38058195e-002, 8.57690815e-003, 7.22481709e-005,
       -9.75726143e-005, 7.88307807e-005, 1.03411192e-004,
       1.05009107e-002, 1.07598901e-002, 9.17281732e-002,
       1.68474205e-002, 1.26634508e-001, 9.65758860e-002,
       2.39447132e-001, 1.77170023e-001, -6.26975819e-002,
       1.54871959e-002, 1.91796407e-001, 5.65858424e-001,
       4.15116921e-002, -2.06692703e-002, 4.21688333e-002,
       3.34451906e-002, -2.93747126e-003, -2.03015725e-003,
       1.00167349e-001, 1.47504834e-002, 1.64155915e-001,
       -7.22277239e-002, 2.74851829e-001, 1.73776612e-001,
       -8.25438574e-002, -1.06296055e-001, 5.06401062e-001,
       2.31754676e-001, 4.66850922e-002, 1.57793052e-002,
       5.10621592e-002, 1.88878514e-002, 3.90170375e-003,
       -5.19975787e-003, 3.90170375e-003, 5.20634092e-003,
       5.16894972e-003, 4.13856767e-002, 3.15329023e-002,
       8.82008821e-002, 4.34216345e-003, 2.14155931e-002,
       4.55459617e-002, 8.17502886e-002, 1.23579428e-003,
       4.92362597e-004, 2.93102348e-003, 2.80782697e-003,
       -1.10754278e-003, -1.05099310e-003, 2.90177413e-003,
       3.40099842e-003, -6.50796713e-003, 9.41057783e-003,
       1.18424920e-002, 2.28827000e-002, 2.95219868e-002,
       7.51705840e-002, 3.70392092e-002, 7.58870617e-002,
       1.61375944e-003, 9.21990164e-003, 1.62631727e-003,
       9.24378447e-003, 2.21331473e-002, 7.96306413e-003,
       4.55936752e-002, 3.59883681e-002, -1.86869785e-001,
       9.06979199e-003, 4.54047948e-001, 2.70801574e-001,
       3.99176955e-001, -5.94509169e-002, 3.99678320e-001,
       6.31689206e-002, 1.43486192e-004, 6.43881795e-004,
       2.38170542e-004, 6.43881795e-004, 9.37698036e-003,
       2.16442160e-002, 1.60716232e-002, 8.61297324e-002,
       -7.07262680e-002, 1.45159349e-001, 1.58555299e-001,
       3.73996615e-001, 2.26819232e-001, 1.08824201e-001,
       2.26923019e-001, 1.60812631e-001, 8.71827979e-006,
       -1.24566475e-004, 5.42245514e-004, 4.64177778e-004,
       -5.52021957e-004, 3.96974385e-003, 1.21852336e-003,
       3.97370476e-003, 5.60149550e-003, 1.09084416e-002,
       6.41346443e-003, 1.10853696e-002, 3.30486451e-004,
       1.59367989e-003, 9.49372537e-004, 2.19300389e-003,
       7.15952774e-005, 6.27893041e-006, 7.15952774e-005,
       6.27893041e-006, 0., 0., 0., 0., 7.43504390e-002, 6.73410809e-003,
       7.43504390e-002, 6.73410809e-003, 1.50532601e-003,
       -3.74332390e-004, 1.50532601e-003, 8.67803523e-004,
       8.57238047e-006, -1.37362558e-005, 3.23395798e-005,
       6.16556790e-005, -5.60884546e-005, 4.24700644e-004,
       1.93670712e-004, 4.24700644e-004, 4.90767181e-001,
       3.99253815e-002, 4.91137862e-001, 4.02960405e-002,
       8.59538466e-003, 1.60519860e-003, 8.59538466e-003,
       2.46407418e-003, 3.53537180e-005, -3.24074877e-004,
       1.52941677e-004, 3.96816147e-004, -3.95757519e-003,
       3.29381078e-002, 4.57691327e-002, 4.16007824e-002,
       2.21380308e-001, -4.07990217e-002, 2.63551086e-001,
       2.80348241e-001, 2.28419192e-002, -2.48741940e-001,
       8.37283656e-002, 4.63569641e-001, 1.87463909e-002,
       -2.24755630e-002, 2.60464232e-002, 2.35226341e-002,
       -4.40633763e-003, 3.98568518e-004, 1.21543463e-002,
       1.24783197e-003, 3.24638449e-002, -8.82353517e-004,
       5.43189347e-002, 2.65396368e-002, -1.37429480e-002,
       -2.09327471e-002, 6.74341470e-002, 5.69316223e-002,
       4.54966957e-003, 1.60460419e-003, 6.22391794e-003,
       2.04017642e-003, 0., 0., 0., 0., 7.11531267e-002, 9.74109583e-003,
       7.11531267e-002, 9.74109583e-003, -2.02084731e-004,
       1.17014376e-002, 1.72734226e-003, 1.28075248e-002,
       -2.68285628e-004, 2.20535183e-003, 2.68285628e-004,
       2.37474544e-003, 1.75722525e-005, 2.90985743e-004,
       4.06588697e-005, 2.90985743e-004, 4.91545230e-001,
       4.59250249e-002, 4.91545230e-001, 4.60698940e-002,
       5.66149550e-003, -9.57135460e-004, 5.91282453e-003,
       2.27319333e-003, 3.86410029e-005, -3.65142652e-004,
       1.02921258e-004, 5.28468052e-004, 3.94428968e-002,
       2.11092755e-002, 3.94659862e-002, 2.11092755e-002,
       2.09012121e-001, 1.96105381e-003, 3.47162008e-001,
       3.31123769e-001, 6.79378211e-002, -2.09864348e-001,
       1.51810452e-001, 3.77418607e-001, 1.19926222e-002,
       -2.29413714e-003, 1.20118363e-002, 3.87261319e-003,
       9.02658049e-003, -7.38465926e-004, 9.02658049e-003,
       1.19355018e-003, -1.02074146e-002, -1.59629900e-002,
       6.61530420e-002, 3.79922949e-002, 3.26089673e-002,
       -3.95057257e-003, 3.82306688e-002, 2.49844883e-002,
       1.68137462e-003, 6.31171133e-005, 1.70565350e-003,
       5.32510632e-004, 2.50089448e-004, 2.65606686e-005,
       2.50089448e-004, 3.31393458e-005, -9.21142419e-005,
       7.49762263e-003, 7.31515810e-002, 1.98156815e-002,
       1.07197985e-002, -1.16079850e-002, 2.09918842e-002,
       1.97978243e-002, 1.12517417e-004, -1.45318278e-003,
       7.47482246e-003, 2.96452199e-003, 2.43916037e-003,
       -6.23687636e-004, 2.43916037e-003, 9.15003999e-004,
       1.37049660e-001, -1.92953184e-001, 1.68477550e-001,
       2.17024043e-001, 1.00491717e-001, 6.00450598e-002,
