%YAML:1.0
keypoints_1: [ 5.1543823242187500e+002, 1.3313088989257812e+002, 42.,
    2.9805061340332031e+001, 1.1725538085937500e+004, 1, -1,
    4.3279312133789062e+002, 5.2111920166015625e+002, 30.,
    2.0583311462402344e+002, 1.1243885742187500e+004, 1, -1,
    5.1535443115234375e+002, 1.2974174499511719e+002, 34.,
    2.9167606353759766e+001, 1.0697203125000000e+004, 1, -1,
    5.1890057373046875e+002, 2.9933203125000000e+002, 21.,
    1.5924230575561523e+001, 1.0606826171875000e+004, 0, -1,
    4.8653994750976562e+002, 1.3627714538574219e+002, 67.,
    7.3658134460449219e+001, 6.9946572265625000e+003, 2, 1,
    4.8222848510742187e+002, 1.3094775390625000e+002, 85.,
    7.9209770202636719e+001, 6.7897822265625000e+003, 2, 1,
    5.9187872314453125e+002, 1.8224101257324219e+002, 170.,
    9.7126472473144531e+001, 6.6838833007812500e+003, 3, -1,
    4.2191601562500000e+002, 1.6547746276855469e+002, 92.,
    8.2954345703125000e+001, 6.4753178710937500e+003, 2, -1,
    5.4817498779296875e+002, 1.2977218627929687e+002, 84.,
    1.0146177673339844e+002, 6.1275117187500000e+003, 2, 1,
    5.4453906250000000e+002, 1.3587628173828125e+002, 68.,
    1.0384693908691406e+002, 5.9999428710937500e+003, 2, 1,
    4.7175805664062500e+002, 2.9212542724609375e+002, 18.,
    6.5393005371093750e+001, 5.6646152343750000e+003, 0, -1,
    4.3794320678710937e+002, 5.4654809570312500e+002, 21.,
    6.5229331970214844e+001, 5.5085957031250000e+003, 0, -1,
    4.9373110961914062e+002, 5.1733001708984375e+002, 28.,
    3.7625668048858643e+000, 5.3161362304687500e+003, 1, -1,
    5.1612945556640625e+002, 1.5121334838867187e+002, 91.,
    8.0860191345214844e+001, 5.1408750000000000e+003, 2, -1,
    4.6990109252929687e+002, 5.3617236328125000e+002, 21.,
    1.8224884033203125e+001, 5.1216889648437500e+003, 0, 1,
    4.4275140380859375e+002, 5.0214035034179687e+002, 22.,
    2.6574572753906250e+002, 5.0677167968750000e+003, 0, -1,
    5.2947503662109375e+002, 1.9258862304687500e+002, 32.,
    2.1417825698852539e+001, 4.9335668945312500e+003, 1, -1,
    4.5866329956054687e+002, 4.9885562133789062e+002, 31.,
    2.7383203125000000e+002, 4.9218505859375000e+003, 1, -1,
    5.1428588867187500e+002, 4.3954901123046875e+002, 21.,
    1.7121260070800781e+002, 4.8943120117187500e+003, 0, -1,
    4.9514645385742187e+002, 5.0341430664062500e+002, 29.,
    2.5415864562988281e+002, 4.8240483398437500e+003, 1, 1,
    4.7944812011718750e+002, 5.3815173339843750e+002, 23.,
    1.3142315673828125e+002, 4.8045834960937500e+003, 0, -1,
    5.1505932617187500e+002, 1.5997904968261719e+002, 121.,
    9.0100128173828125e+001, 4.5673701171875000e+003, 3, -1,
    5.1653930664062500e+002, 5.3074896240234375e+002, 19.,
    7.9814786911010742e+000, 4.5344228515625000e+003, 0, 1,
    4.2963165283203125e+002, 5.0515554809570312e+002, 32.,
    2.9647033691406250e+002, 4.4939633789062500e+003, 1, 1,
    5.3115563964843750e+002, 4.9852499389648437e+002, 21.,
    3.5057855224609375e+002, 4.4927436523437500e+003, 0, 1,
    4.7211874389648437e+002, 4.1326449584960937e+002, 30.,
    2.5675500488281250e+002, 4.4301538085937500e+003, 1, -1,
    4.8005670166015625e+002, 5.3944171142578125e+002, 29.,
    1.2020819091796875e+002, 4.3535581054687500e+003, 1, -1,
    4.8072250366210937e+002, 4.4300518798828125e+002, 16.,
    2.4954901123046875e+002, 4.1280478515625000e+003, 0, -1,
    4.6998883056640625e+002, 1.2672657012939453e+002, 122.,
    8.5623992919921875e+001, 4.0395717773437500e+003, 3, 1,
    5.3265936279296875e+002, 4.4278256225585938e+002, 20.,
    1.7092318725585937e+002, 4.0169394531250000e+003, 0, -1,
    5.0694021606445312e+002, 5.1578173828125000e+002, 20.,
    1.9073699951171875e+002, 4.0023107910156250e+003, 0, -1,
    4.5482827758789062e+002, 4.9814971923828125e+002, 43.,
    2.8781729125976562e+002, 3.8542128906250000e+003, 1, -1,
    4.9339773559570312e+002, 5.3278533935546875e+002, 31.,
    1.1490277099609375e+002, 3.8439733886718750e+003, 1, 1,
    5.4113330078125000e+002, 5.1579748535156250e+002, 21.,
    1.8665599060058594e+002, 3.7041728515625000e+003, 0, -1,
    4.7581442260742188e+002, 2.4064907836914062e+002, 132.,
    2.7245416259765625e+002, 3.6104335937500000e+003, 3, 1,
    5.0082913208007812e+002, 3.0076473999023437e+002, 21.,
    1.0410571098327637e+001, 3.5872365722656250e+003, 0, -1,
    5.3654125976562500e+002, 5.2695715332031250e+002, 30.,
    1.7032534790039062e+002, 3.5847236328125000e+003, 1, 1,
    5.0452374267578125e+002, 4.5339453125000000e+002, 20.,
    6.9137020111083984e+000, 3.4514006347656250e+003, 0, 1,
    5.2318072509765625e+002, 4.5708645629882812e+002, 21.,
    6.2162108421325684e+000, 3.4505017089843750e+003, 0, 1,
    4.6746447753906250e+002, 4.3098123168945312e+002, 22.,
    1.3427148818969727e+001, 3.4306228027343750e+003, 0, -1,
    4.9558993530273437e+002, 2.3662921142578125e+002, 166.,
    8.1058708190917969e+001, 3.3295842285156250e+003, 3, 1,
    5.4874578857421875e+002, 4.9673336791992187e+002, 20.,
    1.9123922729492187e+002, 3.2928476562500000e+003, 0, 1,
    5.0260055541992187e+002, 5.2327514648437500e+002, 16.,
    2.2937117004394531e+002, 3.2584699707031250e+003, 0, 1,
    5.6632690429687500e+002, 5.2413049316406250e+002, 20.,
    1.1928490638732910e+001, 3.2108896484375000e+003, 0, 1,
    4.6114700317382812e+002, 2.4242098999023437e+002, 89.,
    2.5159214782714844e+002, 3.1787939453125000e+003, 2, 1,
    4.2482736206054687e+002, 5.4177752685546875e+002, 31.,
    6.5886680603027344e+001, 3.1756403808593750e+003, 1, 1,
    4.6001473999023437e+002, 2.2696961975097656e+002, 32.,
    2.1767135620117187e+002, 3.0932314453125000e+003, 1, 1,
    4.4384378051757812e+002, 3.0214166259765625e+002, 21.,
    3.5575958251953125e+002, 3.0893586425781250e+003, 0, -1,
    4.4291372680664062e+002, 4.4232910156250000e+002, 17.,
    1.7531692504882812e+002, 3.0723908691406250e+003, 0, 1,
    4.4781814575195312e+002, 4.0470367431640625e+002, 16.,
    2.9318298339843750e+002, 3.0576762695312500e+003, 0, 1,
    5.4779656982421875e+002, 2.8060339355468750e+002, 21.,
    3.4855389404296875e+002, 3.0575004882812500e+003, 0, -1,
    4.8172558593750000e+002, 4.9473107910156250e+002, 30.,
    3.5413125610351562e+002, 3.0510410156250000e+003, 1, -1,
    4.8821838378906250e+002, 4.4974194335937500e+002, 23.,
    8.2717504501342773e+000, 3.0118776855468750e+003, 0, 1,
    4.5078363037109375e+002, 5.1233898925781250e+002, 31.,
    2.7019165039062500e+002, 2.9912451171875000e+003, 1, 1,
    4.7067190551757812e+002, 4.9358764648437500e+002, 23.,
    8.1662285327911377e-001, 2.9552626953125000e+003, 0, 1,
    5.0204763793945312e+002, 5.0890444946289062e+002, 15.,
    3.3371109008789063e+002, 2.9424072265625000e+003, 0, 1,
    5.7038256835937500e+002, 2.4720684814453125e+002, 66.,
    2.8818627929687500e+002, 2.9319025878906250e+003, 2, 1,
    5.4115100097656250e+002, 4.6032449340820312e+002, 20.,
    1.7842977905273437e+002, 2.9141606445312500e+003, 0, 1,
    4.4758755493164062e+002, 3.0228262329101562e+002, 32.,
    3.5281118774414062e+002, 2.9015932617187500e+003, 1, -1,
    5.5812371826171875e+002, 2.0908924865722656e+002, 20.,
    1.9781502485275269e+000, 2.8488120117187500e+003, 0, 1,
    5.3864904785156250e+002, 2.8643841552734375e+002, 23.,
    3.5156546020507812e+002, 2.8189892578125000e+003, 0, 1,
    5.5593713378906250e+002, 4.6375363159179687e+002, 20.,
    1.1828278541564941e+001, 2.7958596191406250e+003, 0, 1,
    5.2191473388671875e+002, 2.5617254638671875e+002, 21.,
    3.0056201934814453e+001, 2.6995834960937500e+003, 0, 1,
    5.2667590332031250e+002, 2.2515504455566406e+002, 22.,
    3.2335031127929687e+002, 2.6599626464843750e+003, 0, 1,
    4.8225500488281250e+002, 4.2996716308593750e+002, 14.,
    9.6252815246582031e+001, 2.6197675781250000e+003, 0, -1,
    5.5857873535156250e+002, 2.4863996887207031e+002, 68.,
    7.8326438903808594e+001, 2.5600322265625000e+003, 2, 1,
    5.5752825927734375e+002, 4.2572912597656250e+002, 21.,
