%YAML:1.0
f1: !!opencv-matrix
   rows: 66
   cols: 64
   dt: f
   data: [ -2.94312113e-003, -9.03925247e-005, 1.11587066e-002,
       6.19287742e-003, -6.93280250e-003, 2.28783232e-003,
       1.06544532e-002, 1.12393461e-002, 1.99779887e-002,
       -2.96711326e-002, 2.01851260e-002, 3.21418568e-002,
       2.61601387e-003, -8.81901942e-003, 2.61750282e-003,
       8.82135797e-003, -3.17495726e-002, -7.02487491e-003,
       5.70645966e-002, 1.05722258e-002, 3.19038033e-001,
       1.41389757e-001, 3.19624364e-001, 1.42269820e-001,
       -8.72232839e-002, 1.20652631e-001, 2.89506346e-001,
       4.72500205e-001, -4.30653393e-002, 3.18757482e-002,
       5.34944721e-002, 3.58049124e-002, -3.95105444e-002,
       1.98999755e-002, 6.77790567e-002, 2.61201840e-002,
       2.17258826e-001, -1.58499405e-001, 2.32703030e-001,
       1.73460171e-001, -4.50013988e-002, -2.00254962e-001,
       3.55233639e-001, 2.39824057e-001, -2.83034109e-002,
       8.85246787e-004, 6.43786788e-002, 1.19600063e-002,
       5.22294547e-003, -5.16200671e-003, 9.06159077e-003,
       9.16662626e-003, -1.58958174e-002, 4.71626706e-002,
       2.38723643e-002, 7.16983080e-002, 1.98336001e-002,
       3.95579711e-002, 3.65634225e-002, 7.23442733e-002,
       -3.63851874e-003, -3.64417466e-003, 9.48868785e-003,
       4.68386849e-003, 1.59913950e-004, 7.56702269e-004,
       1.59913950e-004, 7.56702269e-004, 5.62084354e-002,
       -1.58069562e-003, 5.67078665e-002, 5.30455727e-003,
       -1.48013089e-004, -1.21578174e-002, 1.09833770e-003,
       1.24692610e-002, -5.60635308e-005, -1.80629874e-003,
       5.85586706e-004, 1.80629874e-003, -1.76812417e-003,
       1.84737798e-002, 9.39769670e-002, 2.14430057e-002,
       1.83310851e-001, 1.01070784e-001, 2.59366691e-001,
       2.03959391e-001, -9.78817791e-002, 5.96441627e-002,
       1.88910142e-001, 5.71551859e-001, 3.63596343e-002,
       1.26337138e-004, 3.93199325e-002, 1.75230261e-002,
       1.34847146e-002, -5.88711398e-003, 1.03025362e-001,
       1.63199343e-002, 1.55199647e-001, -6.82771429e-002,
       3.03469926e-001, 1.73504710e-001, -4.84321900e-002,
       -1.13314770e-001, 4.18080389e-001, 2.76740432e-001,
       -1.56234577e-002, -2.32574792e-004, 5.08073084e-002,
       1.83258038e-002, 3.55735351e-003, -2.94132368e-003,
       3.61140491e-003, 2.94132368e-003, 8.10743496e-003,
       1.97445378e-002, 3.57598513e-002, 9.33678821e-002,
       -2.24649021e-003, 3.26264054e-002, 3.59997787e-002,
       8.71592835e-002, 4.61710803e-003, 8.93085438e-004,
       5.44126332e-003, 2.96538207e-003, -2.27552882e-004,
       -3.31883530e-006, 3.62286199e-004, 1.02147111e-004,
       1.89612601e-002, -1.77862104e-002, 6.89410269e-002,
       2.47041117e-002, -1.15663838e-002, 6.30730903e-003,
       2.01214552e-002, 1.10855466e-002, -1.64904003e-003,
       -1.28882914e-003, 9.28184018e-003, 2.45756283e-003,
       2.36744396e-002, -5.31798713e-002, 2.58339904e-002,
       5.31798713e-002, 2.38045841e-001, -1.51017224e-002,
       5.64213634e-001, 7.34239519e-002, -2.37552181e-001,
       -1.42987803e-001, 2.79084355e-001, 1.67539880e-001,
       5.14999703e-002, 2.78979968e-002, 5.72307296e-002,
       3.07271034e-002, 5.12986351e-003, -1.04927160e-002,
       5.22541208e-003, 1.05078779e-002, 2.19713241e-001,
       -1.90966561e-001, 2.39047363e-001, 1.91997215e-001,
       5.63272135e-003, -1.62850961e-001, 3.56123596e-001,
       2.85270840e-001, 1.69552453e-002, 2.20835838e-003,
       1.73422024e-002, 1.42446719e-002, 2.78479256e-005,
       -2.42842216e-005, 2.78479256e-005, 2.72001762e-005,
       4.59492160e-003, 3.48448229e-004, 5.24857268e-003,
       2.02854280e-003, 1.39549945e-003, -1.08281784e-002,
       6.47370657e-003, 1.08281784e-002, 7.51372892e-003,
       -8.76608118e-003, 7.51372892e-003, 8.77482910e-003,
       4.66653612e-003, 7.26086833e-003, 7.27369264e-003,
       7.26086833e-003, 3.55034554e-003, 3.47088166e-002,
       4.82303165e-002, 3.65673602e-002, 4.07226663e-003,
       8.10476914e-002, 1.56965777e-002, 8.10476914e-002,
       -1.13383471e-003, 1.27993012e-002, 1.13645941e-003,
       1.27993012e-002, 6.16513640e-002, 6.68663904e-003,
       8.28234628e-002, 8.08227621e-003, -3.30876797e-001,
       1.18812852e-001, 4.50022757e-001, 1.60960108e-001,
       3.88125539e-001, -1.07620999e-001, 3.95264953e-001,
       1.32130817e-001, -6.09976996e-004, 5.41249011e-003,
       9.55537369e-004, 5.41249011e-003, 4.92422991e-002,
       -1.23552866e-002, 6.66335970e-002, 2.20434535e-002,
       -1.82328790e-001, 9.33534950e-002, 2.34568268e-001,
       1.99610099e-001, 1.95972234e-001, 1.68498963e-001,
       1.97519943e-001, 1.71937481e-001, 2.67699943e-004,
       -2.42587179e-004, 4.46005579e-004, 7.83296302e-004,
       -2.46563111e-003, 5.93874929e-003, 3.14214826e-003,
       7.44845904e-003, 2.93754917e-002, 5.98253449e-003,
       2.96715274e-002, 2.90992837e-002, 2.93125340e-004,
       4.16607596e-004, 7.74672197e-004, 4.92676452e-004,
       4.80491071e-005, 1.39948161e-005, 8.04530428e-005,
       3.45490116e-005, 1.96692981e-005, -6.11259657e-006,
       1.96692981e-005, 1.96692981e-005, 1.71386898e-002,
       2.81905930e-004, 1.71386898e-002, 9.04612895e-003,
       2.60790195e-002, 2.05966402e-002, 2.70925835e-002,
       2.17300467e-002, -5.90747455e-003, -4.46682191e-003,
       8.81430879e-003, 8.20432417e-003, -1.28909487e-005,
       2.41731468e-005, 1.28909487e-005, 2.41731468e-005,
       7.10150376e-002, -3.02557312e-002, 7.10150376e-002,
       3.27652730e-002, 2.36908913e-001, -1.35912867e-002,
       5.81948340e-001, 1.05738826e-001, -6.42925128e-003,
       -3.97674134e-003, 1.50901396e-002, 6.80166669e-003,
       1.09429695e-002, 2.31234860e-002, 1.10224988e-002,
       2.31234860e-002, 1.45339951e-001, 3.40134084e-001,
       1.45339951e-001, 3.40134084e-001, 1.04721650e-001,
       1.45800889e-001, 4.56826419e-001, 2.39317447e-001,
       -2.64173672e-002, 2.73908973e-002, 3.14417221e-002,
       3.03023104e-002, 5.52511169e-003, -2.70687067e-003,
       8.15893430e-003, 6.49165781e-003, 7.00486405e-003,
       -3.57299461e-003, 7.40106776e-003, 6.68254076e-003,
       -1.76803917e-002, 2.68864352e-003, 2.73911804e-002,
       1.41297271e-002, 4.01244638e-003, -6.29693503e-003,
       5.56309614e-003, 1.05511881e-002, 1.34160073e-004,
       3.55778539e-005, 1.34160073e-004, 3.55778539e-005,
       1.03463624e-002, 4.99586808e-003, 9.11860690e-002,
       1.72299333e-002, 1.15784165e-002, -9.44149029e-003,
       2.74277516e-002, 2.39895489e-002, -4.25801799e-003,
       -4.81890468e-003, 1.00386320e-002, 6.43455191e-003,
       1.86544529e-003, -3.84187762e-004, 1.86544529e-003,
       6.31278206e-004, 1.83339387e-001, -2.15671852e-001,
       1.90166324e-001, 2.28483677e-001, 8.80250409e-002,
       -1.99826546e-002, 3.11583906e-001, 5.42117238e-001,
       -1.76045252e-003, -2.02047624e-004, 3.96542847e-002,
       6.97635710e-002, 8.98635481e-005, -8.98635481e-005,
       8.98635481e-005, 8.98635481e-005, 1.25882570e-002,
       1.94907549e-003, 1.28727136e-002, 5.73879993e-003,
       4.23300534e-001, 1.02854043e-001, 4.41819549e-001,
       1.20546103e-001, -2.69387895e-003, 2.89724246e-002,
       4.97067021e-003, 3.09632048e-002, 3.62507562e-005,
       2.22295530e-005, 3.62507562e-005, 2.22295530e-005,
       6.97549200e-003, 1.84224604e-003, 7.00688967e-003,
       3.31915659e-003, 3.84294167e-002, -3.91522758e-002,
       4.88789938e-002, 9.05765221e-002, 2.90194852e-003,
       -1.98840536e-003, 4.76223463e-003, 3.62862507e-003,
       1.66493715e-004, 3.59902013e-004, 5.85419300e-004,
       6.63226703e-004, 4.15794458e-003, 7.02621117e-002,
       1.82217825e-002, 7.98794553e-002, -7.79274525e-003,
       1.01759732e-002, 1.43684614e-002, 3.43914255e-002,
       4.06036526e-003, -1.62254518e-003, 4.37143212e-003,
       3.92379193e-003, 5.97711094e-002, -1.72591652e-003,
       5.97711094e-002, 1.54370693e-002, -1.58957541e-001,
